125
295
225
205
280
350
235
309
299
27
233
145
212
211
250
177
213
174
180
240
218
189
156
162
136
130
161
110
170
113
245
78
151
88
135
159
88
337
225
71
123
52
15
93
124
175
165
178
165
80
65
191
145
140
260
195
331
244
224
115
102
263
155
124
215
278
42
6
99
130
173
230
148
233
117
125
270
293
200
94
222
268
17
230
171
185
326
120
214
239
238
350
240
248
138
348
2
264
146
127
98
320
13
359
345
7
38
359
351
16
350
53
13
56
25
343
330
355
18
4
1
338
348
23
11
305
28
23
50
17
39
63
63
62
44
29
56
333
22
319
355
41
332
28
61
33
286
320
327
337
306
327
14
25
5
0
328
5
350
330
350
335
345
358
319
350
348
32
334
353
355
44
327
15
287
29
37
31
348
66
32
350
48
351
7
356
17
1
63
40
8
35
349
27
34
44
70
74
10
45
310
346
265
342
10
78
45
73
48
2
14
284
262
62
281
305
288
280
14
308
250
3
332
332
331
9
354
348
67
273
341
311
1
337
7
1
34
5
38
16
0
23
32
5
3
49
32
36
59
71
104
31
23
10
72
34
17
23
11
59
22
48
20
57
80
9
78
58
13
25
333
315
356
80
46
96
31
131
134
110
93
14
357
72
76
84
133
356
77
67
20
73
34
112
78
48
104
99
119
123
112
338
317
53
65
77
97
140
130
81
124
207
250
