305
295
5
20
25
10
15
315
17
356
286
305
32
25
20
357
19
354
40
45
58
84
18
322
316
305
291
295
308
300
281
278
336
350
350
354
352
337
10
346
323
317
300
321
325
358
357
3
350
340
337
355
15
350
350
355
327
14
0
30
17
325
345
350
358
8
32
326
354
350
312
330
352
306
343
347
5
349
358
332
27
70
345
316
323
315
316
304
349
336
353
24
343
348
343
343
347
28
21
341
3
320
13
359
345
7
38
359
351
16
350
53
13
56
25
343
330
355
18
4
1
338
348
23
11
305
28
23
50
17
39
63
63
62
44
29
56
240
22
319
355
41
332
28
61
33
286
320
327
337
306
327
14
25
5
0
328
5
350
330
350
335
345
358
319
350
348
32
334
337
355
44
327
15
287
29
22
31
348
66
32
350
48
351
7
356
17
1
63
40
8
35
349
27
34
44
70
74
10
45
310
346
265
342
10
78
45
73
48
2
14
284
262
62
281
305
288
280
14
308
250
3
332
332
331
9
354
348
67
273
341
311
1
337
7
1
34
5
38
16
0
23
32
5
3
49
32
36
59
71
104
31
23
10
72
34
17
23
11
59
22
48
20
57
80
9
78
58
13
25
333
315
356
80
46
96
31
131
134
110
93
14
357
72
76
84
133
356
77
67
20
73
34
112
78
48
104
99
119
123
112
338
317
53
65
77
97
140
130
81
124
207
250
